01111100
01111100
01111100
00000100
11101111
11101111
01010011
11101000
10011011
01000110
10010110
11001011
11101000
11000110
11001011
00000110
10011011
00000110
11101111
01010011
11101000
10011011
01000110
10010110
11001011
11101000
11000110
11001011
00000110
10011011
00000110
00011100
11110111
00011100
11110111
00011100
11110111
00011100
11110111
11101111
01010011
11101000
01000011
01010011
10010110
10100101
11101000
00001001
00000110
01110101
11101000
01010011
11101000
11000110
11001011
00000110
10010110
10100101
11001011
11101000
11000110
11101111
01010011
11101000
01000011
01010011
10010110
10100101
11101000
00001001
00000110
01110101
11101000
01010011
11101000
11000110
11001011
00000110
10010110
10100101
11001011
11101000
11000110
11101111
01010011
11101000
01000011
01010011
10010110
10100101
11101000
00001001
00000110
01110101
11101000
01010011
11101000
11000110
11001011
00000110
10010110
10100101
11001011
11101000
11000110
11101111
01010011
11101000
01000011
01010011
10010110
10100101
11101000
00001001
00000110
01110101
11101000
01010011
11101000
11000110
11001011
00000110
10010110
10100101
11001011
11101000
11000110
11101111
01010011
11101000
01000011
01010011
10010110
10100101
11101000
00001001
00000110
01110101
11101000
01010011
11101000
11000110
11001011
00000110
10010110
10100101
11001011
11101000
11000110
11101111
01010011
11101000
01000011
01010011
10010110
10100101
11101000
00001001
00000110
01110101
11101000
01010011
11101000
11000110
11001011
00000110
10010110
10100101
11001011
11101000
11000110
11101111
01010011
11101000
01000011
01010011
10010110
10100101
11101000
00001001
00000110
01110101
11101000
01010011
11101000
11000110
11001011
00000110
10010110
10100101
11001011
11101000
11000110
